-220	-15	1.020393992804927
-210	-15	1.0203899350417145
-200	-15	1.0203844863376692
-190	-15	1.0203770889201216
-180	-15	1.02036692843029
-170	-15	1.020352801007999
-160	-15	1.0203329043949856
-150	-15	1.0203045063607474
-140	-15	1.020263414168673
-130	-15	1.0202031215568736
-120	-15	1.020113437759064
-110	-15	1.0199783044269402
-100	-15	1.0197724048194345
-90	-15	1.0194561761632936
-80	-15	1.0189693017568602
-70	-15	1.0182245792339493
-60	-15	1.0171089630376047
-50	-15	1.015508025157196
-40	-15	1.013378307642987
-30	-15	1.010870502362185
-20	-15	1.0084166802207801
-10	-15	1.0066197383987627
0	-15	1.0059636927890026
10	-15	1.0066197383987627
20	-15	1.0084166802207801
30	-15	1.010870502362185
40	-15	1.013378307642987
50	-15	1.015508025157196
60	-15	1.0171089630376047
70	-15	1.0182245792339493
80	-15	1.0189693017568602
90	-15	1.0194561761632936
100	-15	1.0197724048194345
110	-15	1.0199783044269402
120	-15	1.020113437759064
130	-15	1.0202031215568736
140	-15	1.020263414168673
150	-15	1.0203045063607474
160	-15	1.0203329043949856
170	-15	1.020352801007999
180	-15	1.02036692843029
190	-15	1.0203770889201216
200	-15	1.0203844863376692
210	-15	1.0203899350417145
220	-15	1.020393992804927
-210	-25	1.020315777300235
-200	-25	1.0202880482145247
-190	-25	1.0202503611567968
-180	-25	1.0201985401530196
-170	-25	1.0201264083074535
-160	-25	1.0200247168419398
-150	-25	1.0198794516159193
-140	-25	1.01966914115512
-130	-25	1.0193605756357789
-120	-25	1.018902051538273
-110	-25	1.018212945701819
-100	-25	1.017168399134941
-90	-25	1.015579124312037
-80	-25	1.0131713219952456
-70	-25	1.009585212037678
-60	-25	1.0044368348254216
-50	-25	0.9975108714298341
-40	-25	0.9890960939366762
-30	-25	0.9802428324321053
-20	-25	0.9725306322795415
-10	-25	0.9673767597353922
0	-25	0.9655813434220709
10	-25	0.9673767597353922
20	-25	0.9725306322795415
30	-25	0.9802428324321053
40	-25	0.9890960939366762
50	-25	0.9975108714298341
60	-25	1.0044368348254216
70	-25	1.009585212037678
80	-25	1.0131713219952456
90	-25	1.015579124312037
100	-25	1.017168399134941
110	-25	1.018212945701819
120	-25	1.018902051538273
130	-25	1.0193605756357789
140	-25	1.01966914115512
150	-25	1.0198794516159193
160	-25	1.0200247168419398
170	-25	1.0201264083074535
180	-25	1.0201985401530196
190	-25	1.0202503611567968
200	-25	1.0202880482145247
210	-25	1.020315777300235
-200	-35	1.0200644527045895
-190	-35	1.0199559469161354
-180	-35	1.0198065216957994
-170	-35	1.0195982338800755
-160	-35	1.0193042333897409
-150	-35	1.0188839188158139
-140	-35	1.018275350815542
-130	-35	1.0173834832659772
-120	-35	1.0160623578660242
-110	-35	1.0140896028451705
-100	-35	1.011134079106132
-90	-35	1.0067264042977493
-80	-35	1.0002644461923316
-70	-35	0.9911248089924206
-60	-35	0.9789732193351716
-50	-35	0.9642492674378598
-40	-35	0.948446107081736
-30	-35	0.9336487793092882
-20	-35	0.9216336211743441
-10	-35	0.9136611339900836
0	-35	0.91082433965485
10	-35	0.9136611339900836
20	-35	0.9216336211743441
30	-35	0.9336487793092882
40	-35	0.948446107081736
50	-35	0.9642492674378598
60	-35	0.9789732193351716
70	-35	0.9911248089924206
80	-35	1.0002644461923316
90	-35	1.0067264042977493
100	-35	1.011134079106132
110	-35	1.0140896028451705
120	-35	1.0160623578660242
130	-35	1.0173834832659772
140	-35	1.018275350815542
150	-35	1.0188839188158139
160	-35	1.0193042333897409
170	-35	1.0195982338800755
180	-35	1.0198065216957994
190	-35	1.0199559469161354
200	-35	1.0200644527045895
-190	-45	1.0194088704617112
-180	-45	1.019076155493018
-170	-45	1.0186116938475713
-160	-45	1.017955463075269
-150	-45	1.017017192091814
-140	-45	1.0156605215533956
-130	-45	1.013679732874861
-120	-45	1.0107678175226602
-110	-45	1.006478975547702
-100	-45	1.0002016971887033
-90	-45	0.9911878834940864
-80	-45	0.97872622930922
-70	-45	0.9625479041209013
-60	-45	0.9433582429506369
-50	-45	0.9229615684854078
-40	-45	0.9034296713005872
-30	-45	0.8859570366697037
-20	-45	0.8710624568200386
-10	-45	0.8601910058335831
0	-45	0.856058615895974
10	-45	0.8601910058335831
20	-45	0.8710624568200386
30	-45	0.8859570366697037
40	-45	0.9034296713005872
50	-45	0.9229615684854078
60	-45	0.9433582429506369
70	-45	0.9625479041209013
80	-45	0.97872622930922
90	-45	0.9911878834940864
100	-45	1.0002016971887033
110	-45	1.006478975547702
120	-45	1.0107678175226602
130	-45	1.013679732874861
140	-45	1.0156605215533956
150	-45	1.017017192091814
160	-45	1.017955463075269
170	-45	1.0186116938475713
180	-45	1.019076155493018
190	-45	1.0194088704617112
-180	-55	1.0178660977351002
-170	-55	1.0169732026322005
-160	-55	1.0157116028324171
-150	-55	1.0139107526761197
-140	-55	1.011318235318344
-130	-55	1.0075660248526734
-120	-55	1.0021354791228083
-110	-55	0.9943441847976975
-100	-55	0.9834108549136305
-90	-55	0.9686921789946752
-80	-55	0.9501509761210793
-70	-55	0.9288537496684002
-60	-55	0.9068646841492809
-50	-55	0.8860668447287399
-40	-55	0.8667805130987944
-30	-55	0.8479648133939255
-20	-55	0.8294916006494942
-10	-55	0.8145269370857886
0	-55	0.8085743539048152
10	-55	0.8145269370857886
20	-55	0.8294916006494942
30	-55	0.8479648133939255
40	-55	0.8667805130987944
50	-55	0.8860668447287399
60	-55	0.9068646841492809
70	-55	0.9288537496684002
80	-55	0.9501509761210793
90	-55	0.9686921789946752
100	-55	0.9834108549136305
110	-55	0.9943441847976975
120	-55	1.0021354791228083
130	-55	1.0075660248526734
140	-55	1.011318235318344
150	-55	1.0139107526761197
160	-55	1.0157116028324171
170	-55	1.0169732026322005
180	-55	1.0178660977351002
-170	-65	1.0144420975740522
-160	-65	1.0122456348062332
-150	-65	1.0091260743832802
-140	-65	1.0046791508793889
-130	-65	0.9983538212335943
-120	-65	0.9894596654637198
-110	-65	0.977271304186186
-100	-65	0.9613190237913872
-90	-65	0.9418838171779296
-80	-65	0.9204111354341926
-70	-65	0.8991770235428007
-60	-65	0.8798812824795513
-50	-65	0.8621776607039797
-40	-65	0.8437343707813918
-30	-65	0.822234588815063
-20	-65	0.7984317095914146
-10	-65	0.7781733493712515
0	-65	0.7700037276272691
10	-65	0.7781733493712515
20	-65	0.7984317095914146
30	-65	0.822234588815063
40	-65	0.8437343707813918
50	-65	0.8621776607039797
60	-65	0.8798812824795513
70	-65	0.8991770235428007
80	-65	0.9204111354341926
90	-65	0.9418838171779296
100	-65	0.9613190237913872
110	-65	0.977271304186186
120	-65	0.9894596654637198
130	-65	0.9983538212335943
140	-65	1.0046791508793889
150	-65	1.0091260743832802
160	-65	1.0122456348062332
170	-65	1.0144420975740522
-160	-75	1.0071757136743527
-150	-75	1.0021880582933966
-140	-75	0.9952119228929867
-130	-75	0.9855944685140905
-120	-75	0.9727220844609361
-110	-75	0.9563491529370534
-100	-75	0.9370890873190009
-90	-75	0.9167211453574163
-80	-75	0.8976663703743433
-70	-75	0.8814727437593596
-60	-75	0.8674060196164097
-50	-75	0.8524737492450087
-40	-75	0.832932195592065
-30	-75	0.806685713673118
-20	-75	0.7761804861457271
-10	-75	0.7500185078773985
0	-75	0.739488684945472
10	-75	0.7500185078773985
20	-75	0.7761804861457271
30	-75	0.806685713673118
40	-75	0.832932195592065
50	-75	0.8524737492450087
60	-75	0.8674060196164097
70	-75	0.8814727437593596
80	-75	0.8976663703743433
90	-75	0.9167211453574163
100	-75	0.9370890873190009
110	-75	0.9563491529370534
120	-75	0.9727220844609361
130	-75	0.9855944685140905
140	-75	0.9952119228929867
150	-75	1.0021880582933966
160	-75	1.0071757136743527
-150	-85	0.9926934365299288
-140	-85	0.9826673246287221
-130	-85	0.969553034424429
-120	-85	0.9533387737151027
-110	-85	0.9349399338107613
-100	-85	0.9163941879016775
-90	-85	0.9001930102171675
-80	-85	0.8877457451164472
-70	-85	0.8781163440578006
-60	-85	0.8681260201595721
-50	-85	0.853544444939806
-40	-85	0.8306353000873589
-30	-85	0.7982102321595956
-20	-85	0.7604415250009214
-10	-85	0.7283430573778958
0	-85	0.7155101088337503
10	-85	0.7283430573778958
20	-85	0.7604415250009214
30	-85	0.7982102321595956
40	-85	0.8306353000873589
50	-85	0.853544444939806
60	-85	0.8681260201595721
70	-85	0.8781163440578006
80	-85	0.8877457451164472
90	-85	0.9001930102171675
100	-85	0.9163941879016775
110	-85	0.9349399338107613
120	-85	0.9533387737151027
130	-85	0.969553034424429
140	-85	0.9826673246287221
150	-85	0.9926934365299288
-140	-95	0.9675109675831027
-130	-95	0.9518356537744544
-120	-95	0.9346879417555245
-110	-95	0.9182830932520083
-100	-95	0.9051143238862743
-90	-95	0.8964498097086935
-80	-95	0.8912456932516833
-70	-95	0.886379139029158
-60	-95	0.8777138543619571
-50	-95	0.8610975499704893
-40	-95	0.8333587962086957
-30	-95	0.7942108318549004
-20	-95	0.7492771230349224
-10	-95	0.7115776145521509
0	-95	0.6966119434992919
10	-95	0.7115776145521509
20	-95	0.7492771230349224
30	-95	0.7942108318549004
40	-95	0.8333587962086957
50	-95	0.8610975499704893
60	-95	0.8777138543619571
70	-95	0.886379139029158
80	-95	0.8912456932516833
90	-95	0.8964498097086935
100	-95	0.9051143238862743
110	-95	0.9182830932520083
120	-95	0.9346879417555245
130	-95	0.9518356537744544
140	-95	0.9675109675831027
-130	-105	0.9357358531914413
-120	-105	0.9215379133608239
-110	-105	0.9112939439442151
-100	-105	0.9061229116912866
-90	-105	0.9049114762739954
-80	-105	0.9046809184776847
-70	-105	0.9016280427593828
-60	-105	0.8918663584197326
-50	-105	0.8717613869336791
-40	-105	0.8386421200212082
-30	-105	0.7928847443143276
-20	-105	0.7412711576927472
-10	-105	0.6984841303793092
0	-105	0.6816034066449239
10	-105	0.6984841303793092
20	-105	0.7412711576927472
30	-105	0.7928847443143276
40	-105	0.8386421200212082
50	-105	0.8717613869336791
60	-105	0.8918663584197326
70	-105	0.9016280427593828
80	-105	0.9046809184776847
90	-105	0.9049114762739954
100	-105	0.9061229116912866
110	-105	0.9112939439442151
120	-105	0.9215379133608239
130	-105	0.9357358531914413
-120	-115	0.9179940579979269
-110	-115	0.9158861911043089
-100	-115	0.9180707800116099
-90	-115	0.9217251497303599
-80	-115	0.9234252325820784
-70	-115	0.9197905198206233
-60	-115	0.90752493978319
-50	-115	0.8833884748003028
-40	-115	0.8449686862137809
-30	-115	0.7930819732009563
-20	-115	0.7354449523331553
-10	-115	0.6881380441717854
0	-115	0.6695677195489287
10	-115	0.6881380441717854
20	-115	0.7354449523331553
30	-115	0.7930819732009563
40	-115	0.8449686862137809
50	-115	0.8833884748003028
60	-115	0.90752493978319
70	-115	0.9197905198206233
80	-115	0.9234252325820784
90	-115	0.9217251497303599
100	-115	0.9180707800116099
110	-115	0.9158861911043089
120	-115	0.9179940579979269
-110	-125	0.9302131049692004
-100	-125	0.9369648080696193
-90	-125	0.9424245871581879
-80	-125	0.9437296856086845
-70	-125	0.9381814880259818
-60	-125	0.9229024288895307
-50	-125	0.894787543062949
-40	-125	0.8514831868767985
-30	-125	0.794100640761404
-20	-125	0.7311354274589559
-10	-125	0.6798622694248142
0	-125	0.6598153260047438
10	-125	0.6798622694248142
20	-125	0.7311354274589559
30	-125	0.794100640761404
40	-125	0.8514831868767985
50	-125	0.894787543062949
60	-125	0.9229024288895307
70	-125	0.9381814880259818
80	-125	0.9437296856086845
90	-125	0.9424245871581879
100	-125	0.9369648080696193
110	-125	0.9302131049692004
-100	-135	0.9585677495256854
-90	-135	0.9636062462125025
-80	-135	0.9632798326372191
-70	-135	0.9553627510828294
-60	-135	0.9371195801135771
-50	-135	0.9053818384290601
-40	-135	0.8577413515259007
-30	-135	0.7955238040459707
-20	-135	0.7278944845851737
-10	-135	0.6731626123414032
0	-135	0.6518308902934742
10	-135	0.6731626123414032
20	-135	0.7278944845851737
30	-135	0.7955238040459707
40	-135	0.8577413515259007
50	-135	0.9053818384290601
60	-135	0.9371195801135771
70	-135	0.9553627510828294
80	-135	0.9632798326372191
90	-135	0.9636062462125025
100	-135	0.9585677495256854
-90	-145	0.9832968236767584
-80	-145	0.9809510630622049
-70	-145	0.9707318939667688
-60	-145	0.9498436742126266
-50	-145	0.9149489123291381
-40	-145	0.863537714366049
-30	-145	0.7971091223661099
-20	-145	0.7254174129818247
-10	-145	0.667676702953947
0	-145	0.6452285196460741
10	-145	0.667676702953947
20	-145	0.7254174129818247
30	-145	0.7971091223661099
40	-145	0.863537714366049
50	-145	0.9149489123291381
60	-145	0.9498436742126266
70	-145	0.9707318939667688
80	-145	0.9809510630622049
90	-145	0.9832968236767584
-80	-155	0.9963758418417747
-70	-155	0.984160242591401
-60	-155	0.9610345915014644
-50	-155	0.9234545325624789
-40	-155	0.8687989039777921
-30	-155	0.7987192251797549
-20	-155	0.7234947599217114
-10	-155	0.6631365472867556
0	-155	0.6397174414331079
10	-155	0.6631365472867556
20	-155	0.7234947599217114
30	-155	0.7987192251797549
40	-155	0.8687989039777921
50	-155	0.9234545325624789
60	-155	0.9610345915014644
70	-155	0.984160242591401
80	-155	0.9963758418417747
-70	-165	0.9957523994718493
-60	-165	0.9707914415801001
-50	-165	0.9309558679585972
-40	-165	0.8735210802127095
-30	-165	0.8002791446907984
-20	-165	0.7219806610759175
-10	-165	0.6593418720891446
0	-165	0.6350767150939683
10	-165	0.6593418720891446
20	-165	0.7219806610759175
30	-165	0.8002791446907984
40	-165	0.8735210802127095
50	-165	0.9309558679585972
60	-165	0.9707914415801001
70	-165	0.9957523994718493
-60	-175	0.9792680586030174
-50	-175	0.9375483125894393
-40	-175	0.877734507928521
-30	-175	0.8017506742376201
-20	-175	0.7207721023062336
-10	-175	0.6561413353515297
0	-175	0.6311368874878208
10	-175	0.6561413353515297
20	-175	0.7207721023062336
30	-175	0.8017506742376201
40	-175	0.877734507928521
50	-175	0.9375483125894393
60	-175	0.9792680586030174
-50	-185	0.9433377602308616
-40	-185	0.8814840555107136
-30	-185	0.8031170217720351
-20	-185	0.7197952887124708
-10	-185	0.6534192790979798
0	-185	0.6277667357942747
10	-185	0.6534192790979798
20	-185	0.7197952887124708
30	-185	0.8031170217720351
40	-185	0.8814840555107136
50	-185	0.9433377602308616
-40	-195	0.884818793193655
-30	-195	0.8043736514096216
-20	-195	0.7189966099800345
-10	-195	0.6510863394076805
0	-195	0.6248636645885749
10	-195	0.6510863394076805
20	-195	0.7189966099800345
30	-195	0.8043736514096216
40	-195	0.884818793193655
-30	-205	0.8055228302618205
-20	-205	0.7183365869685823
-10	-205	0.6490727363341833
0	-205	0.6223467102864657
10	-205	0.6490727363341833
20	-205	0.7183365869685823
30	-205	0.8055228302618205
-20	-215	0.717785766516589
-10	-215	0.64732343307771
0	-215	0.6201514068062058
10	-215	0.64732343307771
20	-215	0.717785766516589
-10	-225	0.6457946081457635
0	-225	0.6182259855362651
10	-225	0.6457946081457635
0	-235	0.6165285380632667
