-220	-15	0.9999852227532406
-210	-15	0.9999809912345263
-200	-15	0.9999753092141794
-190	-15	0.999967595035419
-180	-15	0.9999569994682025
-170	-15	0.999942267102444
-160	-15	0.9999215185062579
-150	-15	0.9998919044536306
-140	-15	0.9998490526728191
-130	-15	0.9997861783004627
-120	-15	0.9996926541964395
-110	-15	0.9995517343857347
-100	-15	0.999337018051446
-90	-15	0.9990072483220809
-80	-15	0.9984995257038847
-70	-15	0.9977229137806338
-60	-15	0.996559526326651
-50	-15	0.9948900354652095
-40	-15	0.9926691223548789
-30	-15	0.9900539315658988
-20	-15	0.9874950355020286
-10	-15	0.9856211477096839
0	-15	0.9849370098904802
10	-15	0.9856211477096839
20	-15	0.9874950355020286
30	-15	0.9900539315658988
40	-15	0.9926691223548789
50	-15	0.9948900354652095
60	-15	0.996559526326651
70	-15	0.9977229137806338
80	-15	0.9984995257038847
90	-15	0.9990072483220809
100	-15	0.999337018051446
110	-15	0.9995517343857347
120	-15	0.9996926541964395
130	-15	0.9997861783004627
140	-15	0.9998490526728191
150	-15	0.9998919044536306
160	-15	0.9999215185062579
170	-15	0.999942267102444
180	-15	0.9999569994682025
190	-15	0.999967595035419
200	-15	0.9999753092141794
210	-15	0.9999809912345263
220	-15	0.9999852227532406
-210	-25	0.9999036580205274
-200	-25	0.9998747415611464
-190	-25	0.9998354407242802
-180	-25	0.9997814007185464
-170	-25	0.9997061801503625
-160	-25	0.999600134204146
-150	-25	0.9994486486466523
-140	-25	0.9992293325840702
-130	-25	0.9989075541309524
-120	-25	0.9984293957964496
-110	-25	0.9977107820946922
-100	-25	0.9966215075081548
-90	-25	0.9949641791223214
-80	-25	0.992453273475555
-70	-25	0.9887136044505733
-60	-25	0.9833447710858947
-50	-25	0.9761222343859319
-40	-25	0.9673471318052467
-30	-25	0.9581147691029157
-20	-25	0.9500723285848454
-10	-25	0.9446977645753436
0	-25	0.9428254676147594
10	-25	0.9446977645753436
20	-25	0.9500723285848454
30	-25	0.9581147691029157
40	-25	0.9673471318052467
50	-25	0.9761222343859319
60	-25	0.9833447710858947
70	-25	0.9887136044505733
80	-25	0.992453273475555
90	-25	0.9949641791223214
100	-25	0.9966215075081548
110	-25	0.9977107820946922
120	-25	0.9984293957964496
130	-25	0.9989075541309524
140	-25	0.9992293325840702
150	-25	0.9994486486466523
160	-25	0.999600134204146
170	-25	0.9997061801503625
180	-25	0.9997814007185464
190	-25	0.9998354407242802
200	-25	0.9998747415611464
210	-25	0.9999036580205274
-200	-35	0.9996415715768118
-190	-35	0.9995284195148526
-180	-35	0.9993725958299533
-170	-35	0.9991553890231449
-160	-35	0.9988487992810451
-150	-35	0.9984104866215174
-140	-35	0.9977758594273867
-130	-35	0.9968458016519821
-120	-35	0.9954681049849026
-110	-35	0.9934108755823866
-100	-35	0.9903287948011893
-90	-35	0.9857323810971659
-80	-35	0.9789937186318489
-70	-35	0.9694627174800445
-60	-35	0.9567907905220877
-50	-35	0.9414363514537882
-40	-35	0.924956491667031
-30	-35	0.9095255347309934
-20	-35	0.8969958813630915
-10	-35	0.8886820081891457
0	-35	0.8857237408657115
10	-35	0.8886820081891457
20	-35	0.8969958813630915
30	-35	0.9095255347309934
40	-35	0.924956491667031
50	-35	0.9414363514537882
60	-35	0.9567907905220877
70	-35	0.9694627174800445
80	-35	0.9789937186318489
90	-35	0.9857323810971659
100	-35	0.9903287948011893
110	-35	0.9934108755823866
120	-35	0.9954681049849026
130	-35	0.9968458016519821
140	-35	0.9977758594273867
150	-35	0.9984104866215174
160	-35	0.9988487992810451
170	-35	0.9991553890231449
180	-35	0.9993725958299533
190	-35	0.9995284195148526
200	-35	0.9996415715768118
-190	-45	0.9989579169660966
-180	-45	0.9986109549718218
-170	-45	0.9981266048405313
-160	-45	0.9974422739300299
-150	-45	0.996463825701899
-140	-45	0.9950490618352966
-130	-45	0.9929834547697588
-120	-45	0.9899468497088872
-110	-45	0.9854743573211541
-100	-45	0.9789282826837065
-90	-45	0.9695284928642174
-80	-45	0.9565332242565633
-70	-45	0.9396621348871043
-60	-45	0.9196507625846764
-50	-45	0.8983806920590138
-40	-45	0.8780124290203821
-30	-45	0.8597916072142782
-20	-45	0.8442592338172045
-10	-45	0.8329222617244054
0	-45	0.8286129207304944
10	-45	0.8329222617244054
20	-45	0.8442592338172045
30	-45	0.8597916072142782
40	-45	0.8780124290203821
50	-45	0.8983806920590138
60	-45	0.9196507625846764
70	-45	0.9396621348871043
80	-45	0.9565332242565633
90	-45	0.9695284928642174
100	-45	0.9789282826837065
110	-45	0.9854743573211541
120	-45	0.9899468497088872
130	-45	0.9929834547697588
140	-45	0.9950490618352966
150	-45	0.996463825701899
160	-45	0.9974422739300299
170	-45	0.9981266048405313
180	-45	0.9986109549718218
190	-45	0.9989579169660966
-180	-55	0.9973490819201675
-170	-55	0.9964179525910661
-160	-55	0.9951023304408808
-150	-55	0.9932243669573793
-140	-55	0.9905208366768474
-130	-55	0.9866079546348259
-120	-55	0.980944870151913
-110	-55	0.9728199486082646
-100	-55	0.9614184479317268
-90	-55	0.9460695107618832
-80	-55	0.926734364072931
-70	-55	0.9045251794618919
-60	-55	0.8815945308808004
-50	-55	0.8599061173107132
-40	-55	0.8397939350699484
-30	-55	0.82017253745464
-20	-55	0.800908292267049
-10	-55	0.7853028341353588
0	-55	0.7790953582899692
10	-55	0.7853028341353588
20	-55	0.800908292267049
30	-55	0.82017253745464
40	-55	0.8397939350699484
50	-55	0.8599061173107132
60	-55	0.8815945308808004
70	-55	0.9045251794618919
80	-55	0.926734364072931
90	-55	0.9460695107618832
100	-55	0.9614184479317268
110	-55	0.9728199486082646
120	-55	0.980944870151913
130	-55	0.9866079546348259
140	-55	0.9905208366768474
150	-55	0.9932243669573793
160	-55	0.9951023304408808
170	-55	0.9964179525910661
180	-55	0.9973490819201675
-170	-65	0.9937784643163257
-160	-65	0.9914879478863974
-150	-65	0.9882348062863595
-140	-65	0.9835974632375573
-130	-65	0.977001279732572
-120	-65	0.9677262716515269
-110	-65	0.9550159984936455
-100	-65	0.938380633271686
-90	-65	0.9181132011442661
-80	-65	0.8957210481566322
-70	-65	0.8735776807047615
-60	-65	0.8534556861139332
-50	-65	0.83499398617515
-40	-65	0.8157609451199801
-30	-65	0.7933405314643234
-20	-65	0.7685184007457135
-10	-65	0.747392567152021
0	-65	0.7388731180154119
10	-65	0.747392567152021
20	-65	0.7685184007457135
30	-65	0.7933405314643234
40	-65	0.8157609451199801
50	-65	0.83499398617515
60	-65	0.8534556861139332
70	-65	0.8735776807047615
80	-65	0.8957210481566322
90	-65	0.9181132011442661
100	-65	0.938380633271686
110	-65	0.9550159984936455
120	-65	0.9677262716515269
130	-65	0.977001279732572
140	-65	0.9835974632375573
150	-65	0.9882348062863595
160	-65	0.9914879478863974
170	-65	0.9937784643163257
-160	-75	0.9862009301316903
-150	-75	0.9809997007895489
-140	-75	0.9737248436937895
-130	-75	0.963695564986361
-120	-75	0.950271978846827
-110	-75	0.9331979499987155
-100	-75	0.9131131584939431
-90	-75	0.8918730508124646
-80	-75	0.8720023405929368
-70	-75	0.8551152945818752
-60	-75	0.8404462260974204
-50	-75	0.8248745482511408
-40	-75	0.8044962152494695
-30	-75	0.7771258455150178
-20	-75	0.7453143685011989
-10	-75	0.7180321209070198
0	-75	0.7070514055572392
10	-75	0.7180321209070198
20	-75	0.7453143685011989
30	-75	0.7771258455150178
40	-75	0.8044962152494695
50	-75	0.8248745482511408
60	-75	0.8404462260974204
70	-75	0.8551152945818752
80	-75	0.8720023405929368
90	-75	0.8918730508124646
100	-75	0.9131131584939431
110	-75	0.9331979499987155
120	-75	0.950271978846827
130	-75	0.963695564986361
140	-75	0.9737248436937895
150	-75	0.9809997007895489
160	-75	0.9862009301316903
-150	-85	0.9710985144531332
-140	-85	0.9606430792987211
-130	-85	0.9469672284626025
-120	-85	0.9300586647946976
-110	-85	0.9108719771303512
-100	-85	0.8915320928708007
-90	-85	0.874637172449543
-80	-85	0.8616569090739981
-70	-85	0.8516151721238666
-60	-85	0.84119705743307
-50	-85	0.8259910916846642
-40	-85	0.8021009655013567
-30	-85	0.7682874395366868
-20	-85	0.7289014569689095
-10	-85	0.6954285165015135
0	-85	0.6820460545197079
10	-85	0.6954285165015135
20	-85	0.7289014569689095
30	-85	0.7682874395366868
40	-85	0.8021009655013567
50	-85	0.8259910916846642
60	-85	0.84119705743307
70	-85	0.8516151721238666
80	-85	0.8616569090739981
90	-85	0.874637172449543
100	-85	0.8915320928708007
110	-85	0.9108719771303512
120	-85	0.9300586647946976
130	-85	0.9469672284626025
140	-85	0.9606430792987211
150	-85	0.9710985144531332
-140	-95	0.9448377192719182
-130	-95	0.9284911804873593
-120	-95	0.9106091946460813
-110	-95	0.8935018821169027
-100	-95	0.8797692192937114
-90	-95	0.8707336861757078
-80	-95	0.8653067267832304
-70	-95	0.8602317842132288
-60	-95	0.8511954476128409
-50	-95	0.8338676245461487
-40	-95	0.8049410831232728
-30	-95	0.76411678285997
-20	-95	0.7172589895853916
-10	-95	0.6779451688163067
0	-95	0.6623386600542621
10	-95	0.6779451688163067
20	-95	0.7172589895853916
30	-95	0.76411678285997
40	-95	0.8049410831232728
50	-95	0.8338676245461487
60	-95	0.8511954476128409
70	-95	0.8602317842132288
80	-95	0.8653067267832304
90	-95	0.8707336861757078
100	-95	0.8797692192937114
110	-95	0.8935018821169027
120	-95	0.9106091946460813
130	-95	0.9284911804873593
140	-95	0.9448377192719182
-130	-105	0.9117019781870734
-120	-105	0.8968960752919151
-110	-105	0.8862134538515696
-100	-105	0.8808209953457593
-90	-105	0.8795576856426522
-80	-105	0.8793172552432671
-70	-105	0.8761336538211288
-60	-105	0.8659539691520648
-50	-105	0.8449880924767368
-40	-105	0.8104506415708344
-30	-105	0.7627339115708641
-20	-105	0.7089102047016411
-10	-105	0.6642910149365753
0	-105	0.6466874499551022
10	-105	0.6642910149365753
20	-105	0.7089102047016411
30	-105	0.7627339115708641
40	-105	0.8104506415708344
50	-105	0.8449880924767368
60	-105	0.8659539691520648
70	-105	0.8761336538211288
80	-105	0.8793172552432671
90	-105	0.8795576856426522
100	-105	0.8808209953457593
110	-105	0.8862134538515696
120	-105	0.8968960752919151
130	-105	0.9117019781870734
-120	-115	0.893200470225019
-110	-115	0.8910023433900585
-100	-115	0.893280477514675
-90	-115	0.8970913292188119
-80	-115	0.8988642104900793
-70	-115	0.8950738574642216
-60	-115	0.8822830589995462
-50	-115	0.857113058208417
-40	-115	0.8170481145721646
-30	-115	0.7629395858995615
-20	-115	0.7028345182407552
-10	-115	0.6535019040119642
0	-115	0.6341363885655107
10	-115	0.6535019040119642
20	-115	0.7028345182407552
30	-115	0.7629395858995615
40	-115	0.8170481145721646
50	-115	0.857113058208417
60	-115	0.8822830589995462
70	-115	0.8950738574642216
80	-115	0.8988642104900793
90	-115	0.8970913292188119
100	-115	0.893280477514675
110	-115	0.8910023433900585
120	-115	0.893200470225019
-110	-125	0.9059427430537754
-100	-125	0.9129835575433687
-90	-125	0.918677127172397
-80	-125	0.9200381106078277
-70	-125	0.9142523363594013
-60	-125	0.8983190200753137
-50	-125	0.8690002404197479
-40	-125	0.8238415694943423
-30	-125	0.7640018733273409
-20	-125	0.6983404573014271
-10	-125	0.6448717563463373
0	-125	0.6239663925285379
10	-125	0.6448717563463373
20	-125	0.6983404573014271
30	-125	0.7640018733273409
40	-125	0.8238415694943423
50	-125	0.8690002404197479
60	-125	0.8983190200753137
70	-125	0.9142523363594013
80	-125	0.9200381106078277
90	-125	0.918677127172397
100	-125	0.9129835575433687
110	-125	0.9059427430537754
-100	-135	0.9355115480310157
-90	-135	0.9407657957298086
-80	-135	0.9404254049578383
-70	-135	0.9321693099112474
-60	-135	0.9131449570056214
-50	-135	0.8800481889464068
-40	-135	0.8303677119630353
-30	-135	0.7654859771935807
-20	-135	0.694960735591772
-10	-135	0.637885216510896
0	-135	0.6156400591855259
10	-135	0.637885216510896
20	-135	0.694960735591772
30	-135	0.7654859771935807
40	-135	0.8303677119630353
50	-135	0.8800481889464068
60	-135	0.9131449570056214
70	-135	0.9321693099112474
80	-135	0.9404254049578383
90	-135	0.9407657957298086
100	-135	0.9355115480310157
-90	-145	0.9612995338188159
-80	-145	0.9588533265317907
-70	-145	0.9481965673750897
-60	-145	0.9264139033391657
-50	-145	0.8900249298570778
-40	-145	0.8364122780324914
-30	-145	0.7671391796571709
-20	-145	0.6923775945120707
-10	-145	0.6321643976701803
0	-145	0.6087549716411745
10	-145	0.6321643976701803
20	-145	0.6923775945120707
30	-145	0.7671391796571709
40	-145	0.8364122780324914
50	-145	0.8900249298570778
60	-145	0.9264139033391657
70	-145	0.9481965673750897
80	-145	0.9588533265317907
90	-145	0.9612995338188159
-80	-155	0.9749386022488443
-70	-155	0.962199924774161
-60	-155	0.9380840214452452
-50	-155	0.8988947651106711
-40	-155	0.8418987544814543
-30	-155	0.7688182278989922
-20	-155	0.690372612461949
-10	-155	0.6274298302090322
0	-155	0.6030079062329364
10	-155	0.6274298302090322
20	-155	0.690372612461949
30	-155	0.7688182278989922
40	-155	0.8418987544814543
50	-155	0.8988947651106711
60	-155	0.9380840214452452
70	-155	0.962199924774161
80	-155	0.9749386022488443
-70	-165	0.9742884637569253
-60	-165	0.9482586648477607
-50	-165	0.9067173115352855
-40	-165	0.84682313672438
-30	-165	0.7704449439634554
-20	-165	0.6887936791271194
-10	-165	0.6234726650734735
0	-165	0.5981684616120951
10	-165	0.6234726650734735
20	-165	0.6887936791271194
30	-165	0.7704449439634554
40	-165	0.84682313672438
50	-165	0.9067173115352855
60	-165	0.9482586648477607
70	-165	0.9742884637569253
-60	-175	0.9570982549585821
-50	-175	0.9135920480259618
-40	-175	0.8512169855757162
-30	-175	0.7719794851601027
-20	-175	0.6875333692511447
-10	-175	0.6201350797114535
0	-175	0.5940599285674288
10	-175	0.6201350797114535
20	-175	0.6875333692511447
30	-175	0.7719794851601027
40	-175	0.8512169855757162
50	-175	0.9135920480259618
60	-175	0.9570982549585821
-50	-185	0.9196294027843376
-40	-185	0.8551270907082245
-30	-185	0.7734043403966321
-20	-185	0.6865147279983637
-10	-185	0.6172964636132012
0	-185	0.5905454652500772
10	-185	0.6172964636132012
20	-185	0.6865147279983637
30	-185	0.7734043403966321
40	-185	0.8551270907082245
50	-185	0.9196294027843376
-40	-195	0.8586046235688718
-30	-195	0.774714779559725
-20	-195	0.6856818494330257
-10	-195	0.6148636262489836
0	-195	0.5875180830465988
10	-195	0.6148636262489836
20	-195	0.6856818494330257
30	-195	0.774714779559725
40	-195	0.8586046235688718
-30	-205	0.7759131668396951
-20	-205	0.6849935638977529
-10	-205	0.612763799659261
0	-205	0.58489335147053
10	-205	0.612763799659261
20	-205	0.6849935638977529
30	-205	0.7759131668396951
-20	-215	0.6844191570315328
-10	-215	0.6109395903402682
0	-215	0.582604043969446
10	-215	0.6109395903402682
20	-215	0.6844191570315328
-10	-225	0.6093453003407256
0	-225	0.5805961751733324
10	-225	0.6093453003407256
0	-235	0.5788260421290515
